[gd_scene format=3 uid="uid://donf4fdsg5p8o"]

[ext_resource type="PackedScene" uid="uid://d1cft804uu4b0" path="res://scenes/shed_02.tscn" id="1_5wwdv"]
[ext_resource type="PackedScene" uid="uid://dqpv4uem5crme" path="res://scenes/chair.tscn" id="2_3ut61"]
[ext_resource type="PackedScene" uid="uid://bvpjp7t42damo" path="res://scenes/table_round.tscn" id="4_mrxsv"]
[ext_resource type="PackedScene" uid="uid://c4kftwt0rpvco" path="res://bench2.tscn" id="5_hcit4"]
[ext_resource type="PackedScene" uid="uid://dvwxtdmn2v44a" path="res://Puzzle/FireplacePuzzle/BadFireplace.tscn" id="6_8o412"]

[node name="Shed2" type="Node3D" unique_id=597475210]

[node name="Shed022" parent="." unique_id=1611679757 instance=ExtResource("1_5wwdv")]
transform = Transform3D(1, 0, 0, 0, 1, 0, 0, 0, 1, 0.45455313, 4.7683716e-07, -5.603751)

[node name="Chair013" parent="." unique_id=2143838447 instance=ExtResource("2_3ut61")]
transform = Transform3D(-0.066883296, 0, 0.9977608, 0, 1, 0, -0.9977608, 0, -0.066883296, -0.49578536, 3.088096, -19.091274)

[node name="Chair017" parent="." unique_id=1708573301 instance=ExtResource("2_3ut61")]
transform = Transform3D(-0.85609573, 0, 0.5168172, 0, 1, 0, -0.5168172, 0, -0.85609573, -3.8021324, 3.0880952, -16.808067)

[node name="Chair014" parent="." unique_id=1435215386 instance=ExtResource("2_3ut61")]
transform = Transform3D(-0.88439375, 0, -0.46674165, 0, 1, 0, 0.46674165, 0, -0.88439375, -3.7128696, 3.0880947, -13.214965)

[node name="Chair015" parent="." unique_id=1252130545 instance=ExtResource("2_3ut61")]
transform = Transform3D(0.75726867, 0, -0.65310353, 0, 1, 0, 0.65310353, 0, 0.75726867, 2.5938137, 3.0880957, -12.793272)

[node name="Chair016" parent="." unique_id=1562161816 instance=ExtResource("2_3ut61")]
transform = Transform3D(0.95021164, 0, 0.3116053, 0, 1, 0, -0.3116053, 0, 0.95021164, 3.0946407, 3.0880964, -16.680996)

[node name="Table012" parent="." unique_id=668304053 instance=ExtResource("4_mrxsv")]
transform = Transform3D(0.81068593, 0, 0.5854813, 0, 1, 0, -0.5854813, 0, 0.81068593, -0.41747522, 3.085703, -14.854316)

[node name="Bench012" parent="." unique_id=871027516 instance=ExtResource("5_hcit4")]
transform = Transform3D(-4.371139e-08, 0, -1, 0, 1, 0, 1, 0, -4.371139e-08, 4.5052667, 3.0857, -7.7973585)

[node name="Chair018" parent="." unique_id=1948790093 instance=ExtResource("2_3ut61")]
transform = Transform3D(0.9437317, 0, 0.33071205, 0, 1, 0, -0.33071205, 0, 0.9437317, 6.5831103, 3.0919294, -23.088093)

[node name="BadFireplace" parent="." unique_id=795615243 instance=ExtResource("6_8o412")]
transform = Transform3D(1, 0, 0, 0, 1, 0, 0, 0, 1, -7.3289285, 3.6000957, -13.400999)

[node name="Chair020" parent="." unique_id=522927760 instance=ExtResource("2_3ut61")]
transform = Transform3D(1, 0, 0, 0, 1, 0, 0, 0, 1, 6.7087574, 3.0880954, -17.796318)

[node name="Bench013" parent="." unique_id=1312478296 instance=ExtResource("5_hcit4")]
transform = Transform3D(-0.99999857, 0, -0.0016755175, 0, 1, 0, 0.0016755175, 0, -0.99999857, -7.7203507, 3.0857003, 2.5269046)

[node name="Bench014" parent="." unique_id=1332820065 instance=ExtResource("5_hcit4")]
transform = Transform3D(-4.371139e-08, 0, -1, 0, 1, 0, 1, 0, -4.371139e-08, 4.397534, 3.0857017, -4.733555)

[node name="Bench015" parent="." unique_id=1431109240 instance=ExtResource("5_hcit4")]
transform = Transform3D(-4.371139e-08, 0, -1, 0, 1, 0, 1, 0, -4.371139e-08, 4.398099, 3.0857003, -1.4341345)

[node name="Bench016" parent="." unique_id=315892278 instance=ExtResource("5_hcit4")]
transform = Transform3D(-0.99947256, 0, 0.03247492, 0, 1, 0, -0.03247492, 0, -0.99947256, -7.4900246, 3.0857012, -7.410005)

[node name="Bench017" parent="." unique_id=781405604 instance=ExtResource("5_hcit4")]
transform = Transform3D(0.0024783148, 0, 0.9999969, 0, 1, 0, -0.9999969, 0, 0.0024783148, -5.346008, 3.0857046, -22.776035)
